Webots Project File version R2021b
perspectives: 000000ff00000000fd0000000200000001000001bf0000025dfc0200000001fb0000001400540065007800740045006400690074006f007201000000160000025d0000008700ffffff00000003000005a0000000e4fc0100000001fb0000001a0043006f006e0073006f006c00650041006c006c0041006c006c0100000000000005a00000006900ffffff000003df0000025d00000001000000020000000100000008fc00000000
simulationViewPerspectives: 000000ff000000010000000200000118000003070100000002010000000100
sceneTreePerspectives: 000000ff0000000100000002000000c0000000fc0100000002010000000200
maximizedDockId: -1
centralWidgetVisible: 1
orthographicViewHeight: 1
textFiles: 2 "controllers/main/main.py" "controllers/main/base_controller.py" "controllers/main/your_controller.py" "controllers/main/util.py"
consoles: Console:All:All
renderingDevicePerspectives: tesla:console;1;0.966667;0;0
renderingDevicePerspectives: tesla:speedometer;1;1;0.437439;0.00549451
